2007 1
2000 9
2014 6
2014 7
1998 24
2015 13
1995 6
1996 11
2008 0
2000 25
1994 22
1996 1
2010 15
2013 21
1993 7
1997 12
2004 18
1993 24
1992 23
2003 36
2005 1
1998 10
2005 21
2000 38
2011 29
1991 9
2012 7
1994 13
2001 15
2006 6
2007 19
2002 22
2008 25
1999 4
2007 5
2008 20
2002 10
1995 13
2000 25
2010 14
1999 34
1993 3
1992 7
2008 4
2005 17
2000 8
2002 14
1996 9
1997 2
2007 39
2015 39
1991 4
2013 36
1993 21
2004 10
2001 22
2000 11
2010 27
2012 7
2010 10
2004 18
1997 6
2004 11
1992 7
1999 34
1997 22
1996 17
2006 18
1998 19
1991 22
2002 5
2006 3
2011 5
2001 35
2012 1
2004 24
2003 33
2002 9
1993 30
1997 6
1991 7
1995 10
2008 15
1998 27
1998 9
2010 10
2011 35
1996 36
1993 10
2003 7
2002 8
1999 22
1998 22
1998 25
2012 40
2010 10
2010 25
2009 34
1998 21
2000 38
1996 36
1993 34
2013 6
2012 22
2000 4
2008 23
2003 6
2002 6
2002 2
1996 1
2012 32
2005 2
2011 8
2001 2
1997 19
1992 38
1993 21
1997 30
2002 11
2006 7
1998 27
2004 26
1995 6
1993 15
2010 23
2012 27
2006 19
2001 4
2013 11
2009 4
2014 11
2009 18
2000 32
2003 6
2000 8
2013 21
1997 27
1999 1
2000 3
2012 4
1996 2
2011 26
2000 29
1992 29
2000 14
2012 31
2007 2
1997 28
1996 22
2004 40
2006 6
1998 22
2001 5
2003 10
1991 31
2011 8
1997 21
2003 21
1992 8
1998 4
2009 3
2004 10
1993 7
1995 38
2014 14
2002 10
1990 29
2010 29
1990 38
1993 28
2003 19
2013 2
2011 13
2009 2
2002 26
1997 0
1994 23
2005 9
2005 22
2005 31
1993 6
2010 4
1991 1
2009 39
1995 18
2000 9
2012 29
1991 6
2001 40
1995 32
2006 10
2010 33
1999 38
1993 18
2001 10
1995 34
2005 38
2008 5
2010 3
2003 2
2010 18
1994 34
1990 32
2014 2
1999 24
2006 27
1994 14
2014 8
2007 5
2002 9
2010 29
2009 5
2009 36
2004 4
2006 34
2012 4
2010 6
2008 25
2000 6
1993 1
2001 4
1996 7
2007 1
1996 30
2001 18
2004 38
2014 15
2012 30
2008 36
2000 9
2007 20
2014 33
2000 30
1996 40
2003 0
1994 37
1997 4
2004 36
1999 20
1991 30
2008 38
1993 6
2006 8
1991 35
1992 2
2011 21
1999 25
1996 16
2005 23
1990 1
1990 14
2012 19
2003 4
2002 6
2003 20
2006 33
1994 4
1996 18
2000 31
1991 3
2002 3
2009 22
2003 34
1996 6
2011 8
1995 39
2002 17
1992 0
1992 25
2004 8
1994 3
1992 22
2001 5
1997 1
1994 7
2005 16
2005 4
2013 25
2013 35
2013 5
1995 26
2013 7
2006 27
1996 16
2002 26
2004 4
2012 1
2008 27
2000 17
1992 10
2006 30
2003 29
2001 0
2005 3
1992 9
1995 14
2002 20
2005 3
2000 15
1992 14
2002 10
2003 3
1997 4
1991 22
2005 32
2002 38
2002 33
2006 28
2013 8
2001 40
2000 5
2014 3
2007 17
2015 7
2007 20
1994 39
2005 7
1994 3
2004 6
1994 2
2011 9
2006 6
2008 20
2012 39
1990 24
1993 39
2004 7
2011 10
2014 31
2010 1
1995 4
2014 16
2002 7
2013 15
1995 11
2000 37
1999 35
1997 12
2007 5
1997 33
2010 39
2003 32
2014 21
2005 1
2014 15
1996 14
2005 17
2000 34
1994 12
2007 11
2002 23
2015 13
2002 0
2013 4
2009 6
1999 5
1999 15
2010 11
1992 27
1994 23
1991 31
2004 32
1998 37
2014 22
2005 27
1998 33
2013 30
2014 7
2015 11
2003 23
2000 36
2009 30
2004 2
2001 7
1997 19
2011 34
2001 7
1998 17
2001 15
1992 16
2004 29
2013 24
1993 8
2006 28
2005 5
2007 1
1991 12
2009 6
2003 12
1999 22
2005 5
1991 11
2007 7
1995 3
2004 10
1996 11
2014 4
1991 38
2008 34
1991 38
2002 6
2003 40
2010 2
2002 21
1996 17
1996 8
1997 10
2014 5
1998 35
1994 32
1993 6
1997 10
1997 3
2011 23
2012 27
1994 7
1998 27
2009 33
2005 4
1996 17
1991 4
2001 32
2012 11
1998 2
1996 21
1993 38
1993 5
2001 29
2000 7
2005 15
2010 16
2006 22
2010 15
2002 33
2010 30
1992 1
1993 2
2013 18
1990 34
2012 10
2013 16
2011 10
2012 28
2014 5
2008 28
2001 23
2008 6
2005 27
2002 33
2013 21
1997 4
1995 37
1997 9
2008 7
2007 10
2008 37
1998 11
2002 28
2008 22
1999 26
2009 34
1995 4
2005 1
2011 36
1990 28
2011 29
2000 16
2004 11
2004 32
1998 8
2002 14
2010 9
2002 4
2003 5
2006 17
1996 1
2000 12
1994 24
2014 37
2007 24
2003 5
1993 18
1998 2
2007 5
2007 29
2002 15
2002 25
2009 13
1999 35
1993 31
2004 21
1997 15
1995 38
2012 28
2012 0
2013 5
1998 19
1990 17
2001 5
2001 32
